#C data file created using the SS_writedat function in the R package r4ss
#C should work with SS version: 
#C file write time: 2017-12-03 06:14:05
#
1950 #_styr
2015 #_endyr
1 #_nseas
12 #_months_per_seas
1 #_spawn_seas
12 #_Nfleet
20 #_Nsurveys
4 #_N_areas
GI_NE%LL_NE%GI_NW%LL_NW%GI_SE%LL_SE%ALGI_SW%EUEL_SW%ISEL_SW%JPLL_SW%TWFL_SW%TWLL_SW%UJPLL_NW%UJPLL_NE%UJPLL_SW%UJPLL_SE%UTWLL_NW%UTWLL_NE%UTWLL_SW%UTWLL_SE%UPOR_SW%UESP_SW%URELL_SW%UIND_NE%UJPLL_NW_pre%UJPLL_NE_pre%UJPLL_SW_pre%UJPLL_SE_pre%UTWLL_NW_pre%UTWLL_NE_pre%UTWLL_SW_pre%UTWLL_SE_pre #_fleetnames
0.5 0.5 0.5 0.5 0.5 0.5 0.5 0.5 0.5 0.5 0.5 0.5 0.5 0.5 0.5 0.5 0.5 0.5 0.5 0.5 0.5 0.5 0.5 0.5 0.5 0.5 0.5 0.5 0.5 0.5 0.5 0.5 #_surveytiming_in_season
2 2 1 1 4 4 3 3 3 3 3 3 1 2 3 4 1 2 3 4 3 3 3 2 1 2 3 4 1 2 3 4 #_area_assignments_for_each_fishery_and_survey
1 1 1 1 1 1 1 1 1 1 1 1 #_units of catch:  1=bio; 2=num
0.01 0.01 0.01 0.01 0.01 0.01 0.01 0.01 0.01 0.01 0.01 0.01 #_se of log(catch) only used for init_eq_catch and for Fmethod 2 and 3
2 #_Ngenders
30 #_Nages
0 0 0 0 0 0 0 0 0 0 0 0 #_init_equil_catch_for_each_fishery
66 #_N_lines_of_catch_to_read
#_GI_NE	LL_NE	GI_NW	LL_NW	GI_SE	LL_SE	ALGI_SW	EUEL_SW	ISEL_SW	JPLL_SW	TWFL_SW	TWLL_SW	year	seas
  14	   13	   3	   13	  0	   0	0	   0	   0	   0	  0	    0	1950	1	#_1 
  14	   10	   3	   13	  0	   0	0	   0	   0	   0	  0	    0	1951	1	#_2 
  14	   18	   3	    7	  0	   2	0	   0	   0	   0	  0	    0	1952	1	#_3 
  15	   36	   3	    7	  0	   5	0	   0	   0	   0	  0	    0	1953	1	#_4 
  15	  173	   2	   10	  0	  12	0	   0	   0	   0	  0	    1	1954	1	#_5 
  17	  136	   3	  106	  0	   4	0	   0	   0	   0	  0	    9	1955	1	#_6 
  16	  270	   3	  263	  0	  33	0	   0	   0	   0	  0	   16	1956	1	#_7 
  15	  238	   2	  125	  0	  27	0	   0	   0	   0	  0	   17	1957	1	#_8 
  15	  347	   2	  143	  0	 101	0	   0	   0	   4	  0	   13	1958	1	#_9 
  15	  225	   2	  183	  0	 181	0	   0	   0	  18	  0	   16	1959	1	#_10
  15	  265	   2	  219	  0	 182	0	   0	   0	  32	  0	   17	1960	1	#_11
  16	  338	   2	  269	  0	 199	0	   0	   0	  80	  0	   29	1961	1	#_12
  17	  334	   2	  311	  0	 143	0	   0	   0	 257	  0	   46	1962	1	#_13
  17	  336	   3	  217	  0	 224	0	   0	   0	 169	  0	   53	1963	1	#_14
  20	  365	   0	  349	  0	 164	0	   0	   0	 281	  0	   73	1964	1	#_15
  20	  508	   0	  342	  0	 306	0	   0	   0	 120	  0	   40	1965	1	#_16
  22	  330	   0	  660	  0	 167	0	   0	   0	 173	  0	   55	1966	1	#_17
  22	  616	   0	  673	  0	 240	0	   0	   0	 173	  0	   80	1967	1	#_18
  22	  445	   1	  829	  0	 258	0	   0	   0	  99	  0	  102	1968	1	#_19
  22	  612	   1	  822	  0	 126	0	   0	   0	 287	  0	  105	1969	1	#_20
  21	  975	   1	  551	  0	 411	0	   0	   0	 176	  0	  333	1970	1	#_21
  21	  623	   2	  765	  0	 401	0	   0	   0	  89	  0	  108	1971	1	#_22
  23	  560	   3	  780	  0	  78	0	   0	   0	 134	  0	  258	1972	1	#_23
  25	  308	   4	  389	  0	 203	0	   0	   0	 167	  0	  289	1973	1	#_24
  27	  522	   5	  487	  0	 437	0	   0	   0	 148	  0	  192	1974	1	#_25
  32	  939	   6	  494	  0	 351	0	   0	   0	 217	  0	  101	1975	1	#_26
  35	  641	   7	  497	  0	 289	0	   0	   0	 143	  0	  280	1976	1	#_27
  38	  615	   8	  591	  0	 220	0	   0	   0	  60	  0	  309	1977	1	#_28
  41	  621	   8	 1026	  0	 364	0	   0	   0	 186	  0	  124	1978	1	#_29
  27	  936	   9	  664	  0	 301	0	   0	   0	 242	  0	  360	1979	1	#_30
  89	 1307	  10	  499	  0	 274	0	   4	   0	 154	  0	  217	1980	1	#_31
  55	 1019	  11	  890	  0	 335	0	   4	   0	 176	  0	  150	1981	1	#_32
 199	 1257	  12	 1169	  0	 199	0	   6	   0	 236	  0	  289	1982	1	#_33
 131	 1810	  13	 1014	  0	 376	0	   8	   0	 171	  0	  180	1983	1	#_34
 131	 1724	  14	  796	  0	 313	0	   0	   0	 515	  6	  255	1984	1	#_35
 129	 2097	  15	 1146	  0	 294	0	   0	   0	 981	  0	  120	1985	1	#_36
 144	 2368	  40	 2415	 40	 100	0	   0	   0	 342	  0	  105	1986	1	#_37
 137	 2449	  88	 2699	 63	 353	0	   0	   0	 564	  0	  142	1987	1	#_38
 145	 2606	  67	 4670	270	 406	3	   0	   0	 578	  0	  309	1988	1	#_39
 168	 3583	 267	 2599	131	 707	1	   0	   0	 519	  0	   25	1989	1	#_40
 190	 2638	 317	 2517	 87	 944	7	   0	   0	 595	  0	 1130	1990	1	#_41
 208	 2193	 354	 4396	 32	 997	5	   0	   2	 463	  0	  582	1991	1	#_42
 279	 2019	 460	 3898	 12	1775	1	   0	  65	1247	  0	 5787	1992	1	#_43
 467	 4131	 529	 5697	  0	1445	1	   0	 278	 737	  7	12558	1993	1	#_44
 668	 5786	 738	 5097	  0	2967	0	 353	 729	1731	  5	 9202	1994	1	#_45
 521	 5034	 629	 6597	  0	2875	0	  19	 770	 774	  2	14657	1995	1	#_46
 741	 7832	 705	12592	  0	4992	0	  29	1331	 862	  5	 7078	1996	1	#_47
 827	 8208	 650	14574	  0	5695	0	 473	1582	 919	  4	 2768	1997	1	#_48
 639	 9494	 634	12530	  0	4149	0	1594	2079	 947	 33	 5981	1998	1	#_49
 682	12491	 746	 8958	  0	4468	0	1815	1930	 500	 30	 4561	1999	1	#_50
1022	 8318	 700	 9045	  0	5409	0	1097	1770	 559	 59	 7492	2000	1	#_51
1006	 7536	 461	 8308	  0	6322	4	1482	1641	 407	 88	 5164	2001	1	#_52
 816	 6432	 490	12207	  0	5809	2	3195	 968	 274	183	 3031	2002	1	#_53
 857	 8900	 681	14558	  0	8847	0	2146	 842	 127	115	  964	2003	1	#_54
1193	10104	1123	11680	  0	9947	3	2318	1022	 517	153	 2164	2004	1	#_55
 763	 7166	1739	10399	  0	6026	0	3605	1732	 564	 76	 3175	2005	1	#_56
 947	 7950	1094	 9666	  0	4717	0	5385	1400	 531	 63	 1349	2006	1	#_57
1079	 8214	 750	 7585	  0	5453	2	4108	1324	 567	 89	  742	2007	1	#_58
1284	 7598	 684	 5382	  0	4103	0	3062	1145	 594	102	  468	2008	1	#_59
1176	 9747	 542	 3903	  0	3537	0	3035	 821	 232	267	 1200	2009	1	#_60
1196	 9416	 530	 2067	  0	3555	0	4181	1203	 224	184	 1916	2010	1	#_61
1359	 8158	 767	 1736	  0	3019	0	3563	1161	 315	688	  598	2011	1	#_62
1402	10210	1370	 7279	  0	2622	0	4667	 893	 248	357	  127	2012	1	#_63
1614	10451	1685	 6337	  0	3655	0	4445	 808	 213	501	  638	2013	1	#_64
1529	10156	2177	 6099	  0	5127	0	2562	 849	 218	498	  219	2014	1	#_65
1442	11460	2419	 8216	  0	4886	0	2107	 780	 210	465	  144	2015	1	#_66
175 #_N_cpue
#_Units:  0=numbers; 1=biomass; 2=F

#_Errtype:  -1=normal; 0=lognormal; >0=T

#_Fleet Units Errtype

#_Fleet	Units	Errtype
 1	1	0	#_1 
 2	1	0	#_2 
 3	1	0	#_3 
 4	1	0	#_4 
 5	1	0	#_5 
 6	1	0	#_6 
 7	1	0	#_7 
 8	1	0	#_8 
 9	1	0	#_9 
10	1	0	#_10
11	1	0	#_11
12	1	0	#_12
13	0	0	#_13
14	0	0	#_14
15	0	0	#_15
16	0	0	#_16
17	0	0	#_17
18	0	0	#_18
19	0	0	#_19
20	0	0	#_20
21	1	0	#_21
22	1	0	#_22
23	1	0	#_23
24	1	0	#_24
25	0	0	#_25
26	0	0	#_26
27	0	0	#_27
28	0	0	#_28
29	0	0	#_29
30	0	0	#_30
31	0	0	#_31
32	0	0	#_32
#_year	seas	index	obs	se_log
1994	1	14	1.3384147	0.1	#_1  
1995	1	14	1.2528862	0.1	#_2  
1996	1	14	1.4158818	0.1	#_3  
1997	1	14	1.5549484	0.1	#_4  
1998	1	14	1.3758527	0.1	#_5  
1999	1	14	1.3883343	0.1	#_6  
2000	1	14	1.0070029	0.1	#_7  
2001	1	14	1.1769467	0.1	#_8  
2002	1	14	0.9849401	0.1	#_9  
2003	1	14	1.2113204	0.1	#_10 
2004	1	14	0.8605895	0.1	#_11 
2005	1	14	1.0035029	0.1	#_12 
2006	1	14	0.7147298	0.1	#_13 
2007	1	14	0.8862919	0.1	#_14 
2008	1	14	0.9231316	0.1	#_15 
2009	1	14	0.9548217	0.1	#_16 
2010	1	14	0.8545441	0.1	#_17 
2011	1	14	0.8001702	0.1	#_18 
2012	1	14	0.8252169	0.1	#_19 
2013	1	14	1.0055328	0.1	#_20 
2014	1	14	1.3608955	0.1	#_21 
2015	1	14	1.4209672	0.1	#_22 
1994	1	18	0.8664793	0.1	#_23 
1995	1	18	0.4997475	0.1	#_24 
1996	1	18	0.5131288	0.1	#_25 
1997	1	18	0.6287949	0.1	#_26 
1998	1	18	0.6415039	0.1	#_27 
1999	1	18	0.6259644	0.1	#_28 
2000	1	18	0.5713677	0.1	#_29 
2001	1	18	0.7223404	0.1	#_30 
2002	1	18	0.8538942	0.1	#_31 
2003	1	18	0.7168998	0.1	#_32 
2004	1	18	0.6941208	0.1	#_33 
2005	1	18	0.5516462	0.1	#_34 
2006	1	18	0.5200692	0.1	#_35 
2007	1	18	0.6307846	0.1	#_36 
2008	1	18	0.5781682	0.1	#_37 
2009	1	18	0.4467738	0.1	#_38 
2010	1	18	0.3769049	0.1	#_39 
2011	1	18	0.3199583	0.1	#_40 
2012	1	18	0.4489844	0.1	#_41 
2013	1	18	0.3439029	0.1	#_42 
2014	1	18	0.2967387	0.1	#_43 
2015	1	18	0.3071852	0.1	#_44 
1994	1	13	3.1952738	0.1	#_45 
1995	1	13	2.4542472	0.1	#_46 
1996	1	13	2.0016618	0.1	#_47 
1997	1	13	1.9724762	0.1	#_48 
1998	1	13	2.1265546	0.1	#_49 
1999	1	13	1.5833099	0.1	#_50 
2000	1	13	1.5856290	0.1	#_51 
2001	1	13	1.9249670	0.1	#_52 
2002	1	13	1.6911371	0.1	#_53 
2003	1	13	1.3294221	0.1	#_54 
2004	1	13	1.1156920	0.1	#_55 
2005	1	13	1.1002214	0.1	#_56 
2006	1	13	1.0114682	0.1	#_57 
2007	1	13	1.2413593	0.1	#_58 
2008	1	13	1.2215610	0.1	#_59 
2009	1	13	1.3514133	0.1	#_60 
2010	1	13	1.5047897	0.1	#_61 
2012	1	13	1.6983771	0.1	#_62 
2013	1	13	1.1716862	0.1	#_63 
2014	1	13	0.8304185	0.1	#_64 
2015	1	13	1.8919185	0.1	#_65 
1994	1	17	0.5257049	0.1	#_66 
1995	1	17	0.5185830	0.1	#_67 
1996	1	17	0.5239694	0.1	#_68 
1997	1	17	0.4648245	0.1	#_69 
1998	1	17	0.5110558	0.1	#_70 
1999	1	17	0.4559857	0.1	#_71 
2000	1	17	0.4777199	0.1	#_72 
2001	1	17	0.6134274	0.1	#_73 
2002	1	17	0.8191657	0.1	#_74 
2003	1	17	0.8158038	0.1	#_75 
2004	1	17	0.7599419	0.1	#_76 
2005	1	17	0.5822746	0.1	#_77 
2006	1	17	0.4594199	0.1	#_78 
2007	1	17	0.5119864	0.1	#_79 
2008	1	17	0.4481830	0.1	#_80 
2009	1	17	0.4382442	0.1	#_81 
2010	1	17	0.4949526	0.1	#_82 
2011	1	17	0.5622888	0.1	#_83 
2012	1	17	0.6906888	0.1	#_84 
2013	1	17	0.4791616	0.1	#_85 
2014	1	17	0.4961045	0.1	#_86 
2015	1	17	0.4911493	0.1	#_87 
1994	1	16	0.7576006	0.1	#_88 
1995	1	16	0.8591226	0.1	#_89 
1996	1	16	0.7369146	0.1	#_90 
1997	1	16	0.9107172	0.1	#_91 
1998	1	16	0.6538091	0.1	#_92 
1999	1	16	0.7378841	0.1	#_93 
2000	1	16	0.8853451	0.1	#_94 
2001	1	16	0.6135134	0.1	#_95 
2002	1	16	0.8401841	0.1	#_96 
2003	1	16	0.6375140	0.1	#_97 
2004	1	16	0.6450515	0.1	#_98 
2005	1	16	0.5943039	0.1	#_99 
2006	1	16	0.5031214	0.1	#_100
2007	1	16	0.5870908	0.1	#_101
2008	1	16	0.5216032	0.1	#_102
2009	1	16	0.4820427	0.1	#_103
2010	1	16	0.5634271	0.1	#_104
2011	1	16	0.7260407	0.1	#_105
2012	1	16	0.5264828	0.1	#_106
2013	1	16	0.7653849	0.1	#_107
2014	1	16	0.9531008	0.1	#_108
2015	1	16	0.6902930	0.1	#_109
1994	1	20	1.1497479	0.1	#_110
1995	1	20	0.8063997	0.1	#_111
1996	1	20	0.9086267	0.1	#_112
1997	1	20	1.0905430	0.1	#_113
1998	1	20	1.0997489	0.1	#_114
1999	1	20	0.8678153	0.1	#_115
2000	1	20	0.9384538	0.1	#_116
2001	1	20	0.8685105	0.1	#_117
2002	1	20	1.0085397	0.1	#_118
2003	1	20	0.9487891	0.1	#_119
2004	1	20	0.9301058	0.1	#_120
2005	1	20	0.4896190	0.1	#_121
2006	1	20	0.4127906	0.1	#_122
2007	1	20	0.3807890	0.1	#_123
2008	1	20	0.5446749	0.1	#_124
2009	1	20	0.5842540	0.1	#_125
2010	1	20	0.5414879	0.1	#_126
2011	1	20	0.5569002	0.1	#_127
2012	1	20	0.4695543	0.1	#_128
2013	1	20	0.6217727	0.1	#_129
2014	1	20	0.7242574	0.1	#_130
2015	1	20	0.5314726	0.1	#_131
1994	1	15	0.8895223	0.1	#_132
1995	1	15	0.5496046	0.1	#_133
1996	1	15	0.5190044	0.1	#_134
1997	1	15	0.5354628	0.1	#_135
1998	1	15	0.4247387	0.1	#_136
1999	1	15	0.3652362	0.1	#_137
1994	1	19	0.7467250	0.1	#_138
1995	1	19	0.5037819	0.1	#_139
1996	1	19	0.4694174	0.1	#_140
1997	1	19	0.4781696	0.1	#_141
1998	1	19	0.4257333	0.1	#_142
1999	1	19	0.4553000	0.1	#_143
2000	1	19	0.4335898	0.1	#_144
2001	1	19	0.4467235	0.1	#_145
2002	1	19	0.6727451	0.1	#_146
2003	1	19	0.4247178	0.1	#_147
2004	1	19	0.5275357	0.1	#_148
2005	1	19	0.2888934	0.1	#_149
2006	1	19	0.1450931	0.1	#_150
2007	1	19	0.1396983	0.1	#_151
2008	1	19	0.1463803	0.1	#_152
2009	1	19	0.1538322	0.1	#_153
2010	1	19	0.1530521	0.1	#_154
2011	1	19	0.1797042	0.1	#_155
2012	1	19	0.2569304	0.1	#_156
2013	1	19	0.1207226	0.1	#_157
2014	1	19	0.0980869	0.1	#_158
2015	1	19	0.0951319	0.1	#_159
2000	1	21	0.8262534	0.1	#_160
2001	1	21	0.8329613	0.1	#_161
2002	1	21	0.8033241	0.1	#_162
2003	1	21	0.7845832	0.1	#_163
2004	1	21	0.6581186	0.1	#_164
2005	1	21	0.5089643	0.1	#_165
2006	1	21	0.6523161	0.1	#_166
2007	1	21	0.6688723	0.1	#_167
2008	1	21	0.8085090	0.1	#_168
2009	1	21	0.5113301	0.1	#_169
2010	1	21	0.5771918	0.1	#_170
2011	1	21	0.6080289	0.1	#_171
2012	1	21	0.6045203	0.1	#_172
2013	1	21	0.5531891	0.1	#_173
2014	1	21	0.4711781	0.1	#_174
2015	1	21	0.6138593	0.1	#_175
0 #_N_discard_fleets
#_discard_units (1=same_as_catchunits(bio/num); 2=fraction; 3=numbers)
#_discard_errtype:  >0 for DF of T-dist(read CV below); 0 for normal with CV; -1 for normal with se; -2 for lognormal
0 #_N_discard
0 #_N_meanbodywt
30 #_DF_for_meanbodywt_T-distribution_like
1 # length bin method: 1=use databins; 2=generate from binwidth,min,max below; 3=read vector
0 #_comp_tail_compression
0.01 #_add_to_comp
0 #_combine males into females at or below this bin number
25 #_N_lbins
#_lbin_vector
15 45 54 63 72 81 90 99 108 117 126 135 144 153 162 171 180 189 198 207 216 225 234 243 252 #_lbin_vector
274 #_N_Length_comp_observations
#_Yr	Seas	FltSvy	Gender	Part	Nsamp	f15	f45	f54	f63	f72	f81	f90	f99	f108	f117	f126	f135	f144	f153	f162	f171	f180	f189	f198	f207	f216	f225	f234	f243	f252	m15	m45	m54	m63	m72	m81	m90	m99	m108	m117	m126	m135	m144	m153	m162	m171	m180	m189	m198	m207	m216	m225	m234	m243	m252
